0
16777216
33554432
50331648
67108864
83886080
100663296
117440512
134217728
150994944
167772160
184549376
201326592
218103808
234881024
251658240
268435456
285212672
301989888
318767104
335544320
352321536
369098752
385875968
402653184
419430400
436207616
452984832
469762048
486539264
503316480
520093696
536870912
553648128
570425344
587202560
603979776
620756992
637534208
654311424
671088640
687865856
704643072
721420288
738197504
754974720
771751936
788529152
805306368
822083584
838860800
855638016
872415232
889192448
905969664
922746880
939524096
956301312
973078528
989855744
1006632960
1023410176
1040187392
1056964608
1073741824
1090519040
1107296256
1124073472
1140850688
1157627904
1174405120
1191182336
1207959552
1224736768
1241513984
1258291200
1275068416
1291845632
1308622848
1325400064
1342177280
1358954496
1375731712
1392508928
1409286144
1426063360
1442840576
1459617792
1476395008
1493172224
1509949440
1526726656
1543503872
1560281088
1577058304
1593835520
1610612736
1627389952
1644167168
1660944384
1677721600
1694498816
1711276032
1728053248
1744830464
1761607680
1778384896
1795162112
1811939328
1828716544
1845493760
1862270976
1879048192
1895825408
1912602624
1929379840
1946157056
1962934272
1979711488
1996488704
2013265920
2030043136
2046820352
2063597568
2080374784
2097152000
2113929216
2130706432
2147483648
2164260864
2181038080
2197815296
2214592512
2231369728
2248146944
2264924160
2281701376
2298478592
2315255808
2332033024
2348810240
2365587456
2382364672
2399141888
2415919104
2432696320
2449473536
2466250752
2483027968
2499805184
2516582400
2533359616
2550136832
2566914048
2583691264
2600468480
2617245696
2634022912
2650800128
2667577344
2684354560
2701131776
2717908992
2734686208
2751463424
2768240640
2785017856
2801795072
2818572288
2835349504
2852126720
2868903936
2885681152
2902458368
2919235584
2936012800
2952790016
2969567232
2986344448
3003121664
3019898880
3036676096
3053453312
3070230528
3087007744
3103784960
3120562176
3137339392
3154116608
3170893824
3187671040
3204448256
3221225472
3238002688
3254779904
3271557120
3288334336
3305111552
3321888768
3338665984
3355443200
3372220416
3388997632
3405774848
3422552064
3439329280
3456106496
3472883712
3489660928
3506438144
3523215360
3539992576
3556769792
3573547008
3590324224
3607101440
3623878656
3640655872
3657433088
3674210304
3690987520
3707764736
3724541952
3741319168
3758096384
3774873600
3791650816
3808428032
3825205248
3841982464
3858759680
3875536896
3892314112
3909091328
3925868544
3942645760
3959422976
3976200192
3992977408
4009754624
4026531840
4043309056
4060086272
4076863488
4093640704
4110417920
4127195136
4143972352
4160749568
4177526784
4194304000
4211081216
4227858432
4244635648
4261412864
4278190080
65536
16842752
33619968
50397184
67174400
83951616
100728832
117506048
134283264
151060480
167837696
184614912
201392128
218169344
234946560
251723776
268500992
285278208
302055424
318832640
335609856
352387072
369164288
385941504
402718720
419495936
436273152
453050368
469827584
486604800
503382016
520159232
536936448
553713664
570490880
587268096
604045312
620822528
637599744
654376960
671154176
687931392
704708608
721485824
738263040
755040256
771817472
788594688
805371904
822149120
838926336
855703552
872480768
889257984
906035200
922812416
939589632
956366848
973144064
989921280
1006698496
1023475712
1040252928
1057030144
1073807360
1090584576
1107361792
1124139008
1140916224
1157693440
1174470656
1191247872
1208025088
1224802304
1241579520
1258356736
1275133952
1291911168
1308688384
1325465600
1342242816
1359020032
1375797248
1392574464
1409351680
1426128896
1442906112
1459683328
1476460544
1493237760
1510014976
1526792192
1543569408
1560346624
1577123840
1593901056
1610678272
1627455488
1644232704
1661009920
1677787136
1694564352
1711341568
1728118784
1744896000
1761673216
1778450432
1795227648
1812004864
1828782080
1845559296
1862336512
1879113728
1895890944
1912668160
1929445376
1946222592
1962999808
1979777024
1996554240
2013331456
2030108672
2046885888
2063663104
2080440320
2097217536
2113994752
2130771968
2147549184
2164326400
2181103616
2197880832
2214658048
2231435264
2248212480
2264989696
2281766912
2298544128
2315321344
2332098560
2348875776
2365652992
2382430208
2399207424
2415984640
2432761856
2449539072
2466316288
2483093504
2499870720
2516647936
2533425152
2550202368
2566979584
2583756800
2600534016
2617311232
2634088448
2650865664
2667642880
2684420096
2701197312
2717974528
2734751744
2751528960
2768306176
2785083392
2801860608
2818637824
2835415040
2852192256
2868969472
2885746688
2902523904
2919301120
2936078336
2952855552
2969632768
2986409984
3003187200
3019964416
3036741632
3053518848
3070296064
3087073280
3103850496
3120627712
3137404928
3154182144
3170959360
3187736576
3204513792
3221291008
3238068224
3254845440
3271622656
3288399872
3305177088
3321954304
3338731520
3355508736
3372285952
3389063168
3405840384
3422617600
3439394816
3456172032
3472949248
3489726464
3506503680
3523280896
3540058112
3556835328
3573612544
3590389760
3607166976
3623944192
3640721408
3657498624
3674275840
3691053056
3707830272
3724607488
3741384704
3758161920
3774939136
3791716352
3808493568
3825270784
3842048000
3858825216
3875602432
3892379648
3909156864
3925934080
3942711296
3959488512
3976265728
3993042944
4009820160
4026597376
4043374592
4060151808
4076929024
4093706240
4110483456
4127260672
4144037888
4160815104
4177592320
4194369536
4211146752
4227923968
4244701184
4261478400
4278255616
131072
16908288
33685504
50462720
67239936
84017152
100794368
117571584
134348800
151126016
167903232
184680448
201457664
218234880
235012096
251789312
268566528
285343744
302120960
318898176
335675392
352452608
369229824
386007040
402784256
419561472
436338688
453115904
469893120
486670336
503447552
520224768
537001984
553779200
570556416
587333632
604110848
620888064
637665280
654442496
671219712
687996928
704774144
721551360
738328576
755105792
771883008
788660224
805437440
822214656
838991872
855769088
872546304
889323520
906100736
922877952
939655168
956432384
973209600
989986816
1006764032
1023541248
1040318464
1057095680
1073872896
1090650112
1107427328
1124204544
1140981760
1157758976
1174536192
1191313408
1208090624
1224867840
1241645056
1258422272
1275199488
1291976704
1308753920
1325531136
1342308352
1359085568
1375862784
1392640000
1409417216
1426194432
1442971648
1459748864
1476526080
1493303296
1510080512
1526857728
1543634944
1560412160
1577189376
1593966592
1610743808
1627521024
1644298240
1661075456
1677852672
1694629888
1711407104
1728184320
1744961536
1761738752
1778515968
1795293184
1812070400
1828847616
1845624832
1862402048
1879179264
1895956480
1912733696
1929510912
1946288128
1963065344
1979842560
1996619776
2013396992
2030174208
2046951424
2063728640
2080505856
2097283072
2114060288
2130837504
2147614720
2164391936
2181169152
2197946368
2214723584
2231500800
2248278016
2265055232
2281832448
2298609664
2315386880
2332164096
2348941312
2365718528
2382495744
2399272960
2416050176
2432827392
2449604608
2466381824
2483159040
2499936256
2516713472
2533490688
2550267904
2567045120
2583822336
2600599552
2617376768
2634153984
2650931200
2667708416
2684485632
2701262848
2718040064
2734817280
2751594496
2768371712
2785148928
2801926144
2818703360
2835480576
2852257792
2869035008
2885812224
2902589440
2919366656
2936143872
2952921088
2969698304
2986475520
3003252736
3020029952
3036807168
3053584384
3070361600
3087138816
3103916032
3120693248
3137470464
3154247680
3171024896
3187802112
3204579328
3221356544
3238133760
3254910976
3271688192
3288465408
3305242624
3322019840
3338797056
3355574272
3372351488
3389128704
3405905920
3422683136
3439460352
3456237568
3473014784
3489792000
3506569216
3523346432
3540123648
3556900864
3573678080
3590455296
3607232512
3624009728
3640786944
3657564160
3674341376
3691118592
3707895808
3724673024
3741450240
3758227456
3775004672
3791781888
3808559104
3825336320
3842113536
3858890752
3875667968
3892445184
3909222400
3925999616
3942776832
3959554048
3976331264
3993108480
4009885696
4026662912
4043440128
4060217344
4076994560
4093771776
4110548992
4127326208
4144103424
4160880640
4177657856
4194435072
4211212288
4227989504
4244766720
4261543936
4278321152
196608
16973824
33751040
50528256
67305472
84082688
100859904
117637120
134414336
151191552
167968768
184745984
201523200
218300416
235077632
251854848
268632064
285409280
302186496
318963712
335740928
352518144
369295360
386072576
402849792
419627008
436404224
453181440
469958656
486735872
503513088
520290304
537067520
553844736
570621952
587399168
604176384
620953600
637730816
654508032
671285248
688062464
704839680
721616896
738394112
755171328
771948544
788725760
805502976
822280192
839057408
855834624
872611840
889389056
906166272
922943488
939720704
956497920
973275136
990052352
1006829568
1023606784
1040384000
1057161216
1073938432
1090715648
1107492864
1124270080
1141047296
1157824512
1174601728
1191378944
1208156160
1224933376
1241710592
1258487808
1275265024
1292042240
1308819456
1325596672
1342373888
1359151104
1375928320
1392705536
1409482752
1426259968
1443037184
1459814400
1476591616
1493368832
1510146048
1526923264
1543700480
1560477696
1577254912
1594032128
1610809344
1627586560
1644363776
1661140992
1677918208
1694695424
1711472640
1728249856
1745027072
1761804288
1778581504
1795358720
1812135936
1828913152
1845690368
1862467584
1879244800
1896022016
1912799232
1929576448
1946353664
1963130880
1979908096
1996685312
2013462528
2030239744
2047016960
2063794176
2080571392
2097348608
2114125824
2130903040
2147680256
2164457472
2181234688
2198011904
2214789120
2231566336
2248343552
2265120768
2281897984
2298675200
2315452416
2332229632
2349006848
2365784064
2382561280
2399338496
2416115712
2432892928
2449670144
2466447360
2483224576
2500001792
2516779008
2533556224
2550333440
2567110656
2583887872
2600665088
2617442304
2634219520
2650996736
2667773952
2684551168
2701328384
2718105600
2734882816
2751660032
2768437248
2785214464
2801991680
2818768896
2835546112
2852323328
2869100544
2885877760
2902654976
2919432192
2936209408
2952986624
2969763840
2986541056
3003318272
3020095488
3036872704
3053649920
3070427136
3087204352
3103981568
3120758784
3137536000
3154313216
3171090432
3187867648
3204644864
3221422080
3238199296
3254976512
3271753728
3288530944
3305308160
3322085376
3338862592
3355639808
3372417024
3389194240
3405971456
3422748672
3439525888
3456303104
3473080320
3489857536
3506634752
3523411968
3540189184
3556966400
3573743616
3590520832
3607298048
3624075264
3640852480
3657629696
3674406912
3691184128
3707961344
3724738560
3741515776
3758292992
3775070208
3791847424
3808624640
3825401856
3842179072
3858956288
3875733504
3892510720
3909287936
3926065152
3942842368
3959619584
3976396800
3993174016
4009951232
4026728448
4043505664
4060282880
4077060096
4093837312
4110614528
4127391744
4144168960
4160946176
4177723392
4194500608
4211277824
4228055040
4244832256
4261609472
4278386688
262144
17039360
33816576
50593792
67371008
84148224
100925440
117702656
134479872
151257088
168034304
184811520
201588736
218365952
235143168
251920384
268697600
285474816
302252032
319029248
335806464
352583680
369360896
386138112
402915328
419692544
436469760
453246976
470024192
486801408
503578624
520355840
537133056
553910272
570687488
587464704
604241920
621019136
637796352
654573568
671350784
688128000
704905216
721682432
738459648
755236864
772014080
788791296
805568512
822345728
839122944
855900160
872677376
889454592
906231808
923009024
939786240
956563456
973340672
990117888
1006895104
1023672320
1040449536
1057226752
1074003968
1090781184
1107558400
1124335616
1141112832
1157890048
1174667264
1191444480
1208221696
1224998912
1241776128
1258553344
1275330560
1292107776
1308884992
1325662208
1342439424
1359216640
1375993856
1392771072
1409548288
1426325504
1443102720
1459879936
247cb4d9eb136a4523a4b5fee26e27a6
UDP Packets Average Transmission Time: 0.1032 ms
UDP Communication Total Transmission Time: 3.796e+03 ms
